        100, 36, 100, 30, 75, 100, 100, 100, 67, 78, 40, 48, 59, 33, 22, 100,
        9, 16, 30, 32, 39, 100, 100, 26, 40, 100, 100, 35, 100, 39, 39, 47,
        40, 76, 39, 39, 40, 36, 42, 39, 37, 40, 41, 42, 43, 45, 100, 21,
        100, 35, 36, 34, 100, 41, 72, 43, 47, 41, 41, 34, 39, 44, 40, 35,
        34, 34, 35, 74, 32, 100, 26, 36, 12, 37, 29, 32, 39, 21, 59, 30,
        12, 100, 100, 100, 100, 28, 24, 100, 20, 86, 38, 69, 42, 13, 100, 36,
        100, 100, 42, 100, 15, 100, 23, 14, 99, 21, 24, 82, 100, 10, 18, 38,
        100, 36, 24, 20, 29, 32, 16, 16, 34, 7, 100, 100, 23, 23, 22, 31,
        30, 28, 27, 8, 13, 28, 100, 100, 100, 100, 100, 64, 20, 27, 15, 59,
        14, 47, 63, 20, 17, 18, 12, 13, 42, 37, 32, 13, 17, 12, 22, 13,
        27, 35, 34, 26, 24, 73, 24, 40, 68, 74, 46, 66, 36, 50, 57, 14,
        28, 35, 36, 38, 71, 100, 29, 65, 77, 34, 39, 35, 54, 100, 40, 70,
        66, 27, 100, 100, 37, 99, 79, 60, 98, 40, 37, 78, 29, 40, 48, 47,
        88, 100, 100, 100, 100, 100, 100, 100, 5, 100, 100, 100, 85, 100, 100, 37,
        74, 100, 100, 45, 52, 100, 95, 49, 54, 100, 100, 100, 100, 77, 100, 26